
311.256256 264.469543 269.477356 239.128906 223.210541 255.894531 247.544922 246.543747 229.851562 238.941803 247.160934 227.604294 245.051956 257.009369 233.307037 262.359772 234.170700 240.876175 246.395309 285.241028 246.759369 241.758209 241.789841 238.909378 252.278122 252.828903 279.240631 626.706238 708.075806 271.113678 233.420319 244.879303 267.681641 235.404297 262.231628 250.805084 253.969528 320.405457 258.033203 484.354309 393.235931 304.841003 273.444519 344.721863 191.782806 383.196472 266.733582 361.208191 297.176575 643.013306 
426.343750 337.974609 292.424622 340.950775 287.746094 347.910950 364.676178 338.158997 352.830475 357.016418 416.534363 842.808960 919.511353 910.155457 488.384766 813.058228 1141.764038 764.882446 325.689453 319.737488 281.950775 246.618362 238.205078 277.682800 256.170715 246.508209 220.853516 189.886322 208.958206 187.133591 207.669525 242.623047 194.446487 201.471878 174.955475 207.789062 170.262115 194.102737 196.966400 210.297272 177.375000 193.482422 190.767181 180.750000 212.887115 202.440628 247.496872 176.828903 151.654694 206.576950 
159.725388 203.107819 170.602737 191.150787 186.096100 186.687103 195.340622 178.999603 182.899994 192.893753 173.086716 161.951172 184.036713 180.628128 178.204300 174.062500 175.557037 155.174606 171.641403 203.857422 172.993744 187.302338 175.020309 187.507034 175.193359 180.675385 159.952347 174.419525 221.185547 198.221878 162.073822 194.196869 176.523041 178.050385 168.019531 190.924225 189.071091 169.255859 148.661331 178.025787 228.160553 177.779694 177.355072 197.953125 183.216400 174.730469 175.149994 181.601562 179.398834 194.281250 
163.151947 204.498825 170.783981 183.867188 161.289841 166.781647 184.787888 166.410553 154.351959 178.664841 133.212112 183.744919 172.327728 175.593353 214.909378 173.379303 160.788666 188.549225 144.928909 186.030472 170.404297 174.319916 170.162506 154.209763 195.635544 235.065231 215.528900 205.204300 196.832031 226.849213 250.649612 180.997269 175.274994 171.977737 175.415237 193.120697 167.751175 174.298050 160.787888 222.883209 165.557816 183.463287 181.116013 161.709381 309.199219 184.392181 165.336716 178.103516 185.200394 191.448044 
223.376953 151.519531 155.610931 97.638672 219.700775 157.305466 160.782425 171.981247 125.222267 164.482819 179.972656 121.265625 161.858978 161.782425 168.932037 160.361328 251.276169 158.106644 178.592575 191.816406 124.694138 165.898041 165.934372 169.022659 140.068359 155.210938 146.006638 174.924606 141.476166 157.560150 203.074615 166.852341 152.344528 155.572662 141.643356 169.217194 182.727737 168.051956 113.054298 172.538666 176.213287 94.472267 142.383591 121.055466 141.776169 140.624603 138.920700 156.854691 147.618362 131.627350 
196.932419 145.076569 136.423431 72.880470 137.689453 143.910553 148.521088 146.145309 173.629684 99.617577 151.530853 64.183594 154.510941 152.181244 173.074615 151.482422 112.040237 120.394142 153.542969 190.312103 68.776169 142.837494 161.357422 57.528126 131.493744 100.059769 68.050003 87.821487 48.373047 161.717972 113.996094 52.493752 135.332809 115.282028 133.979691 145.642578 58.072655 140.169922 166.403122 69.891800 106.613281 145.823822 65.743362 150.084763 153.144135 154.754684 77.407028 56.617188 154.088669 144.369919 
140.870316 82.035156 156.166016 72.811325 79.309372 170.456635 74.009377 76.351562 67.353905 64.114456 79.189453 105.893356 178.044525 77.837112 83.728905 136.995316 74.778122 72.388672 57.146484 87.744919 151.783203 161.382812 71.785545 83.764847 82.491013 83.637497 80.933983 131.073822 131.719925 182.375397 77.351173 80.378128 163.493362 70.691795 94.115234 157.467194 61.614845 63.805077 73.684372 68.633987 141.690628 86.167191 157.057816 74.341408 77.893356 150.205475 76.622658 70.547264 102.981644 83.486717 
102.679298 122.411331 84.227737 63.948048 112.757034 53.889843 92.040237 85.792969 103.413284 86.907028 76.883987 61.773048 75.344925 114.539841 86.140625 87.769142 87.066795 74.351562 83.548050 116.044533 107.120316 104.448044 56.977345 96.359764 96.981247 104.605858 104.772263 97.980080 99.925392 94.378128 66.652733 62.525780 115.289841 106.346092 92.002342 98.651955 102.706642 103.642578 122.873436 106.419144 114.148438 100.618752 109.930466 95.339066 111.071487 168.719925 102.202736 108.380470 118.541794 85.048439 
89.089844 102.163673 130.147659 73.492188 87.762894 84.800781 88.855080 81.841019 153.988281 116.625000 85.621094 104.636719 69.733597 52.679298 116.771095 121.124611 79.459763 156.589447 134.179688 92.250778 101.780472 142.409760 104.704300 72.661720 116.407814 153.088669 62.280468 80.774216 126.502342 61.357422 99.727737 58.291405 88.822266 123.428123 50.159767 88.978127 62.940235 111.543358 49.600780 107.973831 124.705467 59.174217 70.097267 88.772659 124.144920 87.222656 99.247658 128.024994 82.611717 55.152344 
95.946487 142.204681 87.930862 76.492577 111.753517 84.343361 74.476173 87.998436 101.194534 60.351562 116.846481 67.183983 96.303909 135.631256 143.162888 122.194138 124.860550 139.201950 122.792969 111.196877 86.309372 133.350006 150.165619 110.062500 103.772263 70.134377 142.782425 93.497269 107.551956 46.532032 113.323830 75.946091 71.185158 115.347656 142.251953 140.203125 147.997269 74.541016 87.521873 84.894920 157.106644 146.090622 76.417580 131.755859 102.484764 95.010544 140.907028 67.542191 87.257812 98.595703 
123.330467 72.739456 112.434372 107.269142 99.387497 81.925392 72.653519 140.482422 93.423828 85.442184 110.346481 142.817963 76.541016 100.903519 70.981644 83.753517 91.108597 102.285545 95.210548 84.460938 138.440231 119.217972 163.232422 274.696106 122.343750 119.208206 86.529297 101.876175 80.506638 83.730469 115.507812 66.905861 79.934769 95.125389 65.501953 78.660545 119.520309 141.699219 186.745316 79.726173 116.487503 102.094139 89.258987 128.800781 73.446487 139.691406 105.249611 118.604691 94.271873 129.037506 
122.115234 109.522659 238.974609 77.259377 93.551956 95.710938 101.248047 98.985939 185.389450 161.921478 137.573044 144.262894 132.466019 229.826950 95.457031 124.741798 158.706635 116.558205 180.776169 86.156639 125.193359 101.838280 244.725388 175.430862 179.151169 146.475784 146.507812 115.351562 153.973434 107.458206 152.092575 214.934769 246.394928 116.202736 95.414841 240.174606 125.528122 109.773048 131.770309 96.455467 84.322266 112.199608 98.807419 123.316017 273.451965 96.613281 147.497269 255.516022 203.584763 73.239059 
